OWL	266.8	6	5.356	7	1.786	135.18	152.7	16.07	5.36	370.9	137	507.9	4393	4273	445	0.00617	0.212	0.301	0.3837	0.2303
WAXWING	266.8	18	3.091	1	3.091	135.07	142.6	15.46	3.09	372.4	58.4	430.8	3119	3068	445	0.006	0.213	0.303	0.3858	0.2321
PARTRIDGE	266.8	26	2.573	7	2.002	135.19	157.2	16.3	6.01	374.6	172.1	546.7	5125	4974	455	0.00661	0.214	0.255	0.3785	0.2296
OSTRICH	300	26	2.728	7	2.121	151.97	176.7	17.28	6.36	421	193.2	614.2	5756	5586	495	0.00701	0.19	0.227	0.3741	0.2268
MERLIN	336.4	18	3.472	1	3.472	170.42	179.9	17.36	3.47	469.9	73.7	543.5	3936	3871	515	0.00674	0.169	0.205	0.377	0.2266
LINNET	336.4	26	2.888	7	2.245	170.32	198	18.29	6.74	471.9	216.4	688.3	6393	6203	530	0.00742	0.17	0.203	0.3698	0.2241
ORIOLE	336.4	30	2.69	7	2.69	170.5	210.3	18.83	8.07	473.5	310.7	784.3	7884	7611	530	0.00778	0.17	0.201	0.3662	0.2227
CHICKADEE	397.5	18	3.774	1	3.774	201.36	212.5	18.87	3.77	555.2	87	642.2	4506	4430	575	0.00733	0.143	0.173	0.3708	0.2226
BRANT	397.5	24	3.269	7	2.179	201.43	227.5	19.61	6.54	558.1	203.9	762	6641	6462	585	0.00788	0.143	0.174	0.3653	0.2208
IBIS	397.5	26	3.139	7	2.441	201.21	234	19.88	7.32	557.5	255.9	813.3	7394	7170	590	0.00807	0.144	0.172	0.3635	0.2201
LARK	397.5	30	2.924	7	2.924	201.45	248.5	20.47	8.77	559.5	367.2	926.7	9248	8926	590	0.00846	0.144	0.17	0.3599	0.2187
PELICAN	477	18	4.135	1	4.135	241.72	255.1	20.68	4.14	666.4	104.5	770.9	5332	5240	640	0.00803	0.119	0.145	0.3639	0.2182
FLICKER	477	24	3.581	7	2.388	241.72	273.1	21.49	7.16	669.7	244.9	914.6	7800	7585	670	0.00863	0.12	0.144	0.3584	0.2164
HAWK	477	26	3.439	7	2.675	241.51	280.8	21.78	8.03	669.1	307.3	976.4	8878	8608	660	0.00884	0.12	0.144	0.3566	0.2158
HEN	477	30	3.203	7	3.203	241.73	298.1	22.42	9.61	671.4	440.6	1111.9	10799	10412	660	0.00926	0.12	0.142	0.3531	0.2144
OSPREY	556.5	18	4.465	1	4.465	281.84	297.5	22.33	4.47	777.1	121.8	898.9	6217	6110	710	0.00867	0.102	0.124	0.3581	0.2146
PARAKEET	556.5	24	3.868	7	2.578	282.02	318.6	23.21	7.73	781.3	285.4	1066.8	9005	8754	720	0.00932	0.102	0.124	0.3526	0.2127
DOVE	556.5	26	3.716	7	2.891	281.98	327.9	23.54	8.67	781.2	358.9	1140.2	10274	9959	730	0.0955	0.102	0.123	0.3508	0.2121
EAGLE	556.5	30	3.459	7	3.459	281.91	347.7	24.21	10.38	783	513.8	1296.8	12594	12143	730	0.01	0.103	0.122	0.3473	0.2107
PEACOCK	605	24	4.034	7	2.69	306.74	346.5	24.21	8.07	849.9	310.7	1160.6	9799	9527	760	0.00972	0.094	0.114	0.3494	0.2107
SQUAB	605	26	3.874	7	3.012	306.47	356.3	24.53	9.04	849.1	389.6	1238.7	11060	10718	765	0.00996	0.094	0.113	0.3476	0.2101
TEAL	605	30	3.607	19	2.164	306.55	376.4	25.25	10.82	851.4	546.9	1398.3	13592	13128	775	0.01043	0.094	0.112	0.3441	0.2087
WOODDUCK	605	30	3.607	7	3.607	306.55	378.1	25.25	10.82	851.4	558.7	1410.1	13103	12613	775	0.01043	0.094	0.113	0.3441	0.2087
DUCK	605	54	2.689	7	2.689	306.67	346.4	24.2	8.07	849.6	310.5	1160.1	10083	9822	770	0.0098	0.094	0.112	0.3488	0.2107
KINGBIRD	636	18	4.775	1	4.775	322.34	340.2	23.88	4.78	888.7	139.3	1028	7110	6987	775	0.00927	0.089	0.106	0.353	0.2114
ROOK	636	24	4.135	7	2.756	322.29	364.1	24.81	8.27	892.9	326.2	1219.1	10291	10005	780	0.00997	0.09	0.108	0.3475	0.2095
GROSBEAK	636	26	3.973	7	3.089	322.33	374.8	25.16	9.27	893	409.8	1302.8	11427	11067	790	0.01021	0.09	0.108	0.3457	0.2089
EGRET	636	30	3.698	19	2.22	322.21	395.8	25.89	11.1	894.9	575.6	1470.5	14298	13809	800	0.0107	0.09	0.107	0.3422	0.2075
SCOTER	636	30	3.698	7	3.698	322.22	397.4	25.89	11.09	894.9	587.3	1482.2	13772	13257	800	0.0107	0.09	0.108	0.3422	0.2075
SWIFT	636	36	3.376	1	3.376	322.25	331.2	23.63	3.38	888.5	69.6	958.1	6242	6180	770	0.00919	0.089	0.106	0.3537	0.2119
GOOSE	636	54	2.756	7	2.756	322.14	363.9	24.8	8.27	892.5	326.2	1218.7	10592	10306	800	0.01004	0.09	0.107	0.347	0.2096
FLAMINGO	666.6	24	4.234	7	2.822	337.91	381.7	25.4	8.47	936.2	342	1278.2	10790	10490	810	0.0102	0.086	0.103	0.3458	0.2084
GANNET	666.6	26	4.067	7	3.162	337.76	392.7	25.75	9.49	935.8	429.4	1365.2	11974	11597	810	0.01045	0.086	0.103	0.344	0.2078
STILT	715.5	24	4.387	7	2.924	362.78	409.8	26.32	8.77	1005.1	367.2	1372.3	11584	11261	845	0.01057	0.08	0.096	0.3431	0.2067
STARLING	715.5	26	4.214	7	3.277	362.62	421.7	26.69	9.83	1004.7	461.2	1465.8	12858	12453	850	0.01083	0.08	0.096	0.3413	0.2061
REDWING	715.5	30	3.922	19	2.352	362.43	445	27.45	11.76	1006.6	646.1	1652.7	15709	15161	860	0.01134	0.08	0.095	0.3378	0.2047
CUCKOO	795	24	4.623	7	3.081	402.86	455	27.74	9.24	1116.1	407.6	1523.8	12658	12300	900	0.01114	0.072	0.086	0.3391	0.2042
DRAKE	795	26	4.442	7	3.454	402.92	468.5	28.13	10.36	1116.3	512.3	1628.6	14286	13836	910	0.01142	0.072	0.086	0.3373	0.2035
MALLARD	795	30	4.135	19	2.482	402.87	494.8	28.95	12.41	1118.9	719.5	1838.4	17482	16872	920	0.01196	0.072	0.086	0.3338	0.2022
COOT	795	36	3.774	1	3.774	402.71	413.9	26.42	3.77	1110.3	87	1197.3	7593	7516	885	0.01092	0.071	0.085	0.3407	0.2065
TERN	795	45	3.376	7	2.25	402.82	430.6	27.01	6.75	1116	217.4	1333.4	10013	9823	890	0.01072	0.072	0.088	0.3421	0.2055
CONDOR	795	54	3.081	7	3.081	402.59	454.8	27.73	9.24	1115.4	407.6	1523.1	12776	12418	900	0.01123	0.072	0.087	0.3386	0.2042
RUDDY	900	45	3.592	7	2.395	456.01	487.5	28.74	7.19	1263.4	246.3	1509.7	11099	10882	960	0.01141	0.063	0.077	0.3374	0.2025
CANARY	900	54	3.279	7	3.279	456	515.1	29.51	9.84	1263.4	461.7	1725.1	14470	14065	950	0.01195	0.063	0.077	0.3339	0.2013
RAIL	954	45	3.698	7	2.466	483.32	516.8	29.59	7.4	1339.1	261.1	1600.2	11764	11535	970	0.01174	0.06	0.073	0.3352	0.2011
CARDINAL	954	54	3.376	7	3.376	483.38	546	30.38	10.13	1339.2	489.4	1828.7	15339	14910	990	0.0123	0.06	0.073	0.3317	0.1999
ORTOLAN	1033.5	45	3.848	7	2.565	523.33	559.5	30.78	7.7	1449.9	292.5	1732.4	12569	12321	1020	0.01222	0.055	0.068	0.3322	0.1992
CURLEW	1033.5	54	3.513	7	3.513	523.41	591.3	31.62	10.54	1450.1	530	1980.1	16609	16144	1040	0.0128	0.055	0.067	0.3287	0.198
BLUEJAY	1113	45	3.995	7	2.664	564.07	603.1	31.96	7.99	1562.8	304.8	1867.6	13552	13284	1070	0.01269	0.051	0.063	0.3293	0.1975
FINCH	1113	54	3.647	19	2.189	564.1	635.6	32.83	10.95	1570.5	559.6	2130.1	17724	17250	1100	0.01329	0.051	0.063	0.3258	0.1962
BUNTING	1192.5	45	4.135	7	2.756	604.3	646.1	33.08	8.27	1674.3	326.2	2000.5	14513	14227	1120	0.01313	0.048	0.059	0.3268	0.1958
GRACKLE	1192.5	54	3.774	19	2.266	604.07	680.7	33.97	11.33	1681.8	599.7	2281.5	18987	18478	1140	0.01376	0.048	0.056	0.3232	0.1945
BITTERN	1272	45	4.27	7	2.847	644.4	689	34.16	8.54	1785.4	348.1	2133.4	15480	15175	1160	0.01356	0.045	0.056	0.3243	0.1943
PHEASANT	1272	54	3.899	19	2.339	644.75	726.4	35.09	11.7	1795	639	2434	19812	19270	1190	0.01421	0.045	0.055	0.3208	0.193
DIPPER	1351	45	4.402	7	2.934	684.86	732.2	35.21	8.8	1897.5	369.7	2267.2	16448	16124	1210	0.01398	0.042	0.053	0.322	0.1928
MARTIN	1351	54	4.018	19	2.41	684.71	771.4	36.16	12.05	1906.3	678.4	2584.6	21036	20461	1230	0.01464	0.042	0.052	0.3185	0.1916
BOBOLINK	1431	45	4.529	7	3.02	724.95	775.1	36.23	9.06	2008.5	391.7	2400.2	17416	17073	1250	0.01438	0.04	0.05	0.3199	0.1915
PLOVER	1431	54	4.135	19	2.482	725.16	817.1	37.22	12.41	2018.9	719.5	2738.4	22296	21685	1275	0.01507	0.04	0.05	0.3164	0.1902
NUTHATCH	1510	45	4.653	7	3.101	765.19	818.1	37.22	9.3	2120	413	2533	18169	17807	1300	0.01477	0.038	0.048	0.3179	0.1902
PARROT	1510	54	4.247	19	2.548	764.98	861.9	38.22	12.74	2129.8	758.3	2888	23508	22865	1320	0.01548	0.038	0.047	0.3144	0.1889
LAPWING	1590	45	4.775	7	3.183	805.84	861.5	38.2	9.55	2232.6	435.1	2667.7	19137	18755	1340	0.01516	0.036	0.045	0.3159	0.1889
FALCON	1590	54	4.359	19	2.616	805.86	908	39.23	13.08	2243.6	799.3	3042.9	24772	24094	1360	0.01589	0.036	0.045	0.3124	0.1877
CHUKAR	1780	84	3.698	19	2.22	902.2	975.7	40.68	11.1	2511.8	575.6	3087.4	23121	22633	1455	0.01628	0.032	0.041	0.3105	0.1859
BLUEBIRD	2156	84	4.069	19	2.441	1092.31	1181.2	44.76	12.21	3041.1	695.9	3737	27384	26794	1625	0.01791	0.027	0.034	0.3033	0.1814
KIWI	2167	72	4.407	7	2.939	1098.27	1145.8	44.07	8.82	3057.7	370.9	3428.6	22632	22306	1610	0.01738	0.026	0.035	0.3056	0.1821
THRASHER	2312	76	4.43	19	2.068	1171.42	1235.2	45.78	10.34	3261.3	499.5	3760.8	25721	25297	1675	0.01815	0.025	0.033	0.3024	0.1803
